1000
999
1 149 0.01007
2 953 0.00842
3 825 0.0186
4 150 0.02492
5 59 0.00784
6 77 0.02295
7 747 0.03769
8 785 0.0126
9 703 0.03016
10 974 0.01225
11 638 0.01942
12 656 0.01533
13 355 0.03285
14 942 0.02773
15 489 0.01998
16 856 0.01482
17 62 0.02185
18 202 0.00817
19 236 0.01536
20 642 0.006
21 334 0.007
22 999 0.01676
23 239 0.00579
24 693 0.01723
25 32 0.00981
26 502 0.03347
27 584 0.0221
28 725 0.03442
29 249 0.02196
30 640 0.00637
31 888 0.02271
32 47 0.02629
33 664 0.01528
34 924 0.03629
35 557 0.01403
36 305 0.04208
37 505 0.01398
38 44 0.03717
39 438 0.00751
40 719 0.01503
41 908 0.02721
42 617 0.02495
43 885 0.01557
44 764 0.01878
45 747 0.03165
46 836 0.02993
47 248 0.0131
48 565 0.00401
49 603 0.00856
50 349 0.0298
51 459 0.00524
52 312 0.02347
53 56 0.02878
54 180 0.01628
55 880 0.05163
56 481 0.03866
57 373 0.00746
58 615 0.03033
59 453 0.0135
60 265 0.01112
61 442 0.00719
62 938 0.02648
63 146 0.01419
64 352 0.02903
65 611 0.01425
66 448 0.01495
67 345 0.02019
68 826 0.00829
69 105 0.01952
70 551 0.0225
71 101 0.03328
72 560 0.03957
73 162 0.01657
74 90 0.01226
75 906 0.01607
76 822 0.02478
77 690 0.02185
78 117 0.03033
79 637 0.02552
80 530 0.00999
81 778 0.02962
82 557 0.05244
83 259 0.02736
84 213 0.01509
85 594 0.02433
86 43 0.0141
87 126 0.02621
88 515 0.03252
89 447 0.02883
90 164 0.00875
91 645 0.01957
92 125 0.00803
93 216 0.02528
94 913 0.02615
95 988 0.01779
96 961 0.01888
97 152 0.00666
98 758 0.01509
99 87 0.0211
100 512 0.00329
101 106 0.01986
102 899 0.00347
103 331 0.04814
104 940 0.01411
105 23 0.0188
106 620 0.02459
107 37 0.02497
108 438 0.03453
109 616 0.02626
110 240 0.0252
111 78 0.04636
112 954 0.01076
113 978 0.01527
114 518 0.02752
115 811 0.01635
116 794 0.01729
117 170 0.0393
118 20 0.01873
119 576 0.00652
120 838 0.04225
121 767 0.02876
122 370 0.03107
123 94 0.03587
124 702 0.00835
125 697 0.01677
126 232 0.01546
127 299 0.01784
128 353 0.01876
129 58 0.02704
130 427 0.03541
131 803 0.01847
132 122 0.0306
133 79 0.02782
134 737 0.03221
135 669 0.03547
136 276 0.01328
137 41 0.00173
138 403 0.01408
139 644 0.01708
140 653 0.03397
141 570 0.00739
142 66 0.02254
143 949 0.00884
144 543 0.0096
145 562 0.00516
146 579 0.02636
147 908 0.02735
148 459 0.00459
149 592 0.02581
150 330 0.01087
151 509 0.04171
152 712 0.02321
153 499 0.0041
154 143 0.01943
155 151 0.02589
156 141 0.02773
157 836 0.01241
158 788 0.02125
159 582 0.00698
160 120 0.00697
161 532 0.01962
162 897 0.01
163 360 0.01597
164 155 0.03826
165 968 0.03521
166 83 0.02625
167 751 0.03228
168 443 0.00673
169 455 0.0198
170 527 0.00774
171 188 0.02314
172 817 0.01871
173 198 0.02745
174 801 0.00584
175 99 0.02563
176 551 0.01974
177 955 0.03364
178 388 0.02609
179 769 0.03049
180 755 0.02052
181 682 0.0219
182 29 0.01675
183 350 0.02364
184 682 0.01764
185 7 0.0106
186 311 0.00136
187 227 0.02454
188 172 0.02546
189 978 0.0163
190 457 0.02589
191 700 0.02768
192 377 0.01021
193 356 0.01798
194 304 0.00535
195 165 0.02556
196 855 0.01957
197 899 0.01496
198 379 0.02785
199 76 0.00774
200 622 0.00525
201 567 0.03249
202 812 0.02047
203 324 0.01341
204 161 0.03248
205 815 0.02418
206 555 0.03592
207 47 0.01773
208 859 0.0131
209 135 0.01849
210 728 0.02382
211 736 0.01495
212 586 0.02364
213 619 0.02123
214 310 0.01461
215 765 0.02192
216 471 0.02998
217 274 0.02528
218 296 0.02632
219 488 0.01993
220 889 0.02215
221 156 0.01711
222 841 0.03188
223 410 0.01621
224 758 0.0132
225 351 0.02583
226 534 0.0089
227 925 0.01588
228 537 0.0272
229 681 0.05371
230 412 0.03179
231 667 0.0139
232 128 0.01326
233 220 0.01542
234 571 0.01679
235 992 0.03014
236 279 0.0107
237 652 0.02101
238 333 7.7E-4
239 84 0.01019
240 458 0.01044
241 966 0.00565
242 18 0.03682
243 475 0.01014
244 136 0.01899
245 510 0.00695
246 142 0.00804
247 72 0.03583
248 292 0.01827
249 701 0.01513
250 637 0.02799
251 698 0.03325
252 306 0.01065
253 511 0.0157
254 961 0.02947
255 734 0.02087
256 100 0.02651
257 145 0.01731
258 603 0.02889
259 957 0.03631
260 956 0.01788
261 153 0.01733
262 861 0.02982
263 70 0.02307
264 404 0.01948
265 280 0.01782
266 378 0.00467
267 503 0.02756
268 602 0.02659
269 621 0.01884
270 90 0.03088
271 452 0.02797
272 552 0.00489
273 17 0.01546
274 931 0.00689
275 435 0.00349
276 104 0.01664
277 188 0.01601
278 946 0.01761
279 174 0.02086
280 366 0.01165
281 221 0.03636
282 522 0.01924
283 96 0.00978
284 8 0.00905
285 999 0.01979
286 847 0.02946
287 602 0.00738
288 303 0.00816
289 544 0.02026
290 772 0.01676
291 491 0.01067
292 734 0.02004
293 54 0.01749
294 909 0.02359
295 729 0.01955
296 633 0.02342
297 12 0.0082
298 240 0.01226
299 771 0.00795
300 134 0.03843
301 340 0.03453
302 394 0.00674
303 590 0.02448
304 989 0.03035
305 34 0.01028
306 816 0.005
307 960 0.00627
308 501 0.02059
309 920 0.01921
310 495 0.03015
311 417 0.00321
312 324 0.02263
313 19 0.01896
314 312 0.02981
315 773 0.02198
316 768 0.00893
317 680 0.03403
318 330 0.0257
319 129 0.05203
320 437 0.06968
321 52 0.02587
322 890 0.02156
323 81 0.01702
324 253 0.01658
325 496 0.03662
326 90 0.02726
327 623 0.03754
328 450 0.04064
329 915 0.01828
330 199 0.02734
331 625 0.0308
332 849 0.00687
333 258 0.00983
334 200 0.02968
335 337 0.03843
336 60 0.02511
337 284 0.01667
338 433 0.03844
339 85 0.02462
340 5 0.01895
341 629 0.01881
342 236 0.00742
343 416 0.03471
344 131 0.02508
345 400 0.00976
346 577 0.01768
347 501 0.03468
348 517 0.00705
349 107 0.02103
350 68 0.00706
351 849 0.01387
352 462 0.01363
353 707 0.00721
354 756 0.01104
355 662 0.02451
356 473 0.03644
357 48 0.02157
358 785 0.01403
359 822 0.03309
360 361 0.01273
361 407 0.02136
362 53 0.01536
363 918 0.02249
364 451 0.02294
365 360 0.01278
366 71 0.00555
367 796 0.03915
368 677 0.02422
369 842 0.01028
370 384 0.01329
371 251 0.03567
372 742 0.02849
373 683 0.01793
374 827 0.01771
375 159 0.01996
376 926 0.02209
377 599 0.0281
378 244 0.01456
379 305 0.02868
380 588 0.00591
381 59 0.01556
382 786 0.01762
383 86 0.05014
384 902 0.01397
385 671 0.02191
386 53 0.01189
387 217 0.01088
388 195 0.03115
389 7 0.02442
390 688 0.01799
391 266 0.00856
392 730 0.01225
393 683 0.03231
394 165 0.01637
395 605 0.02458
396 540 0.01599
397 65 0.02014
398 813 0.01726
399 412 0.01713
400 529 0.006
401 580 0.01998
402 904 0.01234
403 795 0.02925
404 182 0.0177
405 874 0.02712
406 79 0.01827
407 852 0.02492
408 971 0.01608
409 261 0.0175
410 962 0.00154
411 534 0.00743
412 809 0.01889
413 738 0.01462
414 789 0.01457
415 892 0.02207
416 282 0.03056
417 559 0.03556
418 507 0.0168
419 112 0.02488
420 958 0.02428
421 198 0.01674
422 965 0.03182
423 402 0.01009
424 19 0.02284
425 502 0.0247
426 630 0.00661
427 381 0.01864
428 91 0.03028
429 646 0.02321
430 780 0.00512
431 912 0.03061
432 497 0.0168
433 250 0.03044
434 569 0.01487
435 601 0.01919
436 834 0.00701
437 266 0.01495
438 950 0.02126
439 662 0.01298
440 357 0.01939
441 120 0.00931
442 587 0.0338
443 464 0.01671
444 165 0.01702
445 171 0.02162
446 368 0.01602
447 354 0.0317
448 853 0.02516
449 577 0.03791
450 541 0.02733
451 393 0.0196
452 238 0.02145
453 583 0.02916
454 257 0.03193
455 808 0.00452
456 533 0.03793
457 850 0.00793
458 685 0.01826
459 178 0.0242
460 761 0.03064
461 770 0.03793
462 33 0.02049
463 389 0.01184
464 735 0.03078
465 606 0.01791
466 772 0.03315
467 851 0.01482
468 161 0.00849
469 101 0.01664
470 166 0.019
471 727 0.02081
472 65 0.01524
473 535 0.03008
474 549 0.03906
475 2 0.00978
476 977 0.033
477 861 0.03353
478 909 0.01835
479 396 0.00885
480 212 0.02142
481 872 0.04333
482 191 0.01562
483 293 0.00874
484 201 0.01854
485 826 0.02919
486 997 0.008
487 219 0.02739
488 573 0.01627
489 914 0.01898
490 546 0.02213
491 89 0.01243
492 686 0.02378
493 322 0.00736
494 591 0.01731
495 504 0.01491
496 110 0.00473
497 706 0.01343
498 127 0.02144
499 860 0.01587
500 301 0.02051
501 265 0.01546
502 163 0.03181
503 464 0.01702
504 923 0.03107
505 589 0.02109
506 371 0.05132
507 278 0.02193
508 221 0.01636
509 94 0.01437
510 818 0.02963
511 776 0.02047
512 27 0.01323
513 410 0.00748
514 675 0.01448
515 520 0.01906
516 256 0.02032
517 260 0.02984
518 444 0.02088
519 367 0.02934
520 786 0.01388
521 647 0.00689
522 470 0.01405
523 894 0.03622
524 364 0.02052
525 46 0.03412
526 721 0.0212
527 865 0.02224
528 207 0.03133
529 179 0.02555
530 794 0.02456
531 897 0.02456
532 828 0.02721
533 547 0.02704
534 757 0.0117
535 302 0.0365
536 865 0.03592
537 49 0.02937
538 807 0.0199
539 18 0.01009
540 681 0.03631
541 218 0.02641
542 811 0.01322
543 888 0.00875
544 920 0.00454
545 914 0.01549
546 948 0.02385
547 971 0.01203
548 510 0.02647
549 802 0.0257
550 426 0.02299
551 744 0.02024
552 454 0.01046
553 204 0.01696
554 38 0.03256
555 269 0.01534
556 523 0.03519
557 223 0.00595
558 0 0.01791
559 281 0.03057
560 815 0.02559
561 348 0.00815
562 905 0.03386
563 451 0.03233
564 429 0.03239
565 15 0.01496
566 93 0.02496
567 226 0.0242
568 247 0.02295
569 356 0.01362
570 965 0.03578
571 689 0.03508
572 583 0.01931
573 158 0.02477
574 846 0.00999
575 837 0.02679
576 558 0.02177
577 610 0.02641
578 883 0.00993
579 598 0.00969
580 922 0.0221
581 454 0.01366
582 110 0.01561
583 228 0.01383
584 661 0.03945
585 654 0.01576
586 74 0.02605
587 208 0.02814
588 95 0.01276
589 30 0.02029
590 851 0.0182
591 855 0.0045
592 880 0.02555
593 286 0.00875
594 895 0.02342
595 130 0.01625
596 791 0.00908
597 229 0.0185
598 612 0.01714
599 694 0.0162
600 892 0.03098
601 575 0.03667
602 2 0.02599
603 382 0.02849
604 772 0.03606
605 680 0.04004
606 984 0.01612
607 343 0.04514
608 114 0.01214
609 338 0.00563
610 487 0.01253
611 935 0.01385
612 377 0.02302
613 745 0.02837
614 484 0.00317
615 469 0.00719
616 21 0.03327
617 710 0.03218
618 853 0.00644
619 624 0.02226
620 787 0.03132
621 996 0.0225
622 417 0.02787
623 456 0.02086
624 401 0.02186
625 519 0.02094
626 745 0.01588
627 881 0.00958
628 294 0.0191
629 127 0.01688
630 17 0.01398
631 695 0.03523
632 277 0.02336
633 709 0.02361
634 211 0.01082
635 748 0.02512
636 724 0.0146
637 688 0.02869
638 951 0.02188
639 281 0.01577
640 673 0.04343
641 102 0.00592
642 316 0.01998
643 672 0.02405
644 21 0.02602
645 748 0.01279
646 937 0.02537
647 568 0.01635
648 884 0.00957
649 716 0.01729
650 797 0.02281
651 679 0.0196
652 597 0.05752
653 879 0.01654
654 608 0.02109
655 413 0.0181
656 10 0.01064
657 289 0.00821
658 720 0.03711
659 787 0.02895
660 649 0.03569
661 267 0.00605
662 326 0.0203
663 220 0.02533
664 563 0.01212
665 369 0.00476
666 528 0.02476
667 991 0.02247
668 87 0.02919
669 331 0.03077
670 194 0.04226
671 990 0.01763
672 808 0.02177
673 109 0.04088
674 933 0.02031
675 891 0.01433
676 927 0.03191
677 344 0.03236
678 934 0.00755
679 58 0.01397
680 123 0.02542
681 831 0.02144
682 705 0.02318
683 206 0.03318
684 916 0.00238
685 699 0.0366
686 113 0.01529
687 862 0.02313
688 26 0.00285
689 967 0.0197
690 846 0.02629
691 781 0.00798
692 876 0.01581
693 456 0.0251
694 896 0.01459
695 439 0.00524
696 526 0.02953
697 336 0.01941
698 596 0.02462
699 792 0.01228
700 252 0.01862
701 766 0.02162
702 984 0.01014
703 463 0.0152
704 291 0.01655
705 983 0.01262
706 31 0.01357
707 825 0.01974
708 476 0.02304
709 421 0.03071
710 387 0.00858
711 450 0.0247
712 263 0.00518
713 506 0.03518
714 386 0.0238
715 991 0.02364
716 472 0.02485
717 224 0.01216
718 105 0.02538
719 612 0.0118
720 318 0.02951
721 659 0.01631
722 14 0.0262
723 819 0.01077
724 898 0.02573
725 713 0.04145
726 548 0.00694
727 939 0.0162
728 128 0.02314
729 540 0.0331
730 885 0.01236
731 149 0.03094
732 461 0.03098
733 967 0.0141
734 676 0.02359
735 108 0.03173
736 313 0.02632
737 375 0.02638
738 282 0.01037
739 300 0.02066
740 749 0.02577
741 655 0.0227
742 930 0.0333
743 186 0.02576
744 235 0.01729
745 384 0.01317
746 793 0.01093
747 485 0.024
748 516 0.02439
749 760 0.0157
750 848 0.02578
751 346 0.01059
752 932 0.01379
753 907 0.00895
754 109 0.02671
755 251 0.02685
756 963 0.02984
757 736 0.00898
758 428 0.03439
759 215 0.03284
760 341 0.03003
761 268 0.024
762 287 0.02088
763 975 0.02232
764 972 0.00489
765 205 0.01125
766 211 0.02669
767 239 0.00454
768 380 0.00167
769 245 0.02797
770 383 0.04394
771 115 0.02861
772 36 0.039
773 915 0.03557
774 616 0.03116
775 197 0.03327
776 457 0.00969
777 88 0.00938
778 939 0.02329
779 993 0.00532
780 759 0.02415
781 588 0.02374
782 638 0.03244
783 516 0.01357
784 949 0.02072
785 119 0.01607
786 887 0.01898
787 167 0.03456
788 970 0.03216
789 839 0.01003
790 656 0.03902
791 207 0.01797
792 893 0.02626
793 125 0.01735
794 639 0.0197
795 476 0.03253
796 631 0.03511
797 272 0.02648
798 185 0.02001
799 778 0.01555
800 854 0.01693
801 261 0.00893
802 118 0.02339
803 788 0.02928
804 56 0.04127
805 490 0.03285
806 431 0.03317
807 783 0.01378
808 203 0.01736
809 905 0.02941
810 852 0.0398
811 397 0.01962
812 831 0.0197
813 45 0.0165
814 359 0.01267
815 122 0.03395
816 77 0.02268
817 912 0.03353
818 587 0.02333
819 704 0.02229
820 284 0.01548
821 87 0.03399
822 941 0.01505
823 607 0.00245
824 901 0.01483
825 762 0.02323
826 166 0.02733
827 173 0.03236
828 955 0.03996
829 841 0.02245
830 145 0.01235
831 976 0.02274
832 665 0.01527
833 144 0.01155
834 631 0.03167
835 711 0.00757
836 986 0.0237
837 269 0.01811
838 55 0.0096
839 984 0.01299
840 494 0.0351
841 696 0.01585
842 366 0.01702
843 692 0.01188
844 113 0.01916
845 477 0.02859
846 418 0.01801
847 505 0.03712
848 298 0.01266
849 554 0.01269
850 419 0.00465
851 304 0.02097
852 190 0.01579
853 605 0.01418
854 374 0.0158
855 483 0.00758
856 561 0.01701
857 273 0.03803
858 977 0.02819
859 703 0.02139
860 934 0.00536
861 790 0.03531
862 733 0.01518
863 843 0.04521
864 399 0.01003
865 684 0.0322
866 975 0.02406
867 528 0.03363
868 741 0.02569
869 628 0.03298
870 167 0.0124
871 798 0.00824
872 970 0.04155
873 319 0.01134
874 257 0.0039
875 228 0.00951
876 343 0.02299
877 895 0.01697
878 657 0.02142
879 4 0.02345
880 529 0.03002
881 504 0.00998
882 913 0.01806
883 840 0.02672
884 227 0.02748
885 508 0.01198
886 894 0.02442
887 724 0.02003
888 249 0.02405
889 372 0.03462
890 424 0.01844
891 9 0.0205
892 520 0.02505
893 139 0.01252
894 821 0.01194
895 73 0.02766
896 184 0.01121
897 674 0.02401
898 749 0.03522
899 995 0.02462
900 607 0.02134
901 190 0.01881
902 57 0.01478
903 160 0.01314
904 704 0.01174
905 3 0.02536
906 154 0.00423
907 624 0.01901
908 316 0.03204
909 966 0.02532
910 467 0.02055
911 883 0.02857
912 274 0.02795
913 531 0.01606
914 988 0.0241
915 845 0.0193
916 263 0.0141
917 636 0.03332
918 191 0.02053
919 253 0.01465
920 246 0.01197
921 148 0.01908
922 486 0.02833
923 671 0.02098
924 492 0.02522
925 307 0.01556
926 54 0.01833
927 482 0.00318
928 15 0.01865
929 75 0.01865
930 222 0.01369
931 820 0.02799
932 69 0.02484
933 998 0.02065
934 69 0.01728
935 445 0.01994
936 422 0.01839
937 156 0.02763
938 231 0.00514
939 762 0.03165
940 741 0.00727
941 193 0.01747
942 979 0.01027
943 935 0.01266
944 933 0.02367
945 943 0.02586
946 990 0.01906
947 674 0.00895
948 987 0.01489
949 643 0.01575
950 138 0.01787
951 325 0.00294
952 994 0.02873
953 271 0.03384
954 446 0.00851
955 660 0.03227
956 5 0.00858
957 390 8.0E-4
958 0 0.01083
959 144 0.00623
960 911 0.02365
961 601 0.01253
962 245 0.02734
963 302 0.02431
964 49 0.00337
965 523 0.03079
966 641 0.0167
967 541 0.02639
968 478 0.03305
969 627 0.01428
970 214 0.02917
971 506 0.01259
972 538 0.00629
973 414 0.03162
974 944 0.02764
975 92 0.01584
976 910 0.01405
977 415 0.02355
978 866 0.00436
979 739 0.02179
980 765 0.01596
981 580 0.01734
982 455 0.02851
983 691 0.02004
984 775 0.01631
985 408 0.02445
986 465 0.00669
987 904 0.03137
988 524 0.01103
989 921 0.02107
990 723 0.01353
991 275 0.02303
992 708 0.02
993 739 0.03733
994 363 0.02183
995 614 0.02233
996 829 0.03179
997 806 0.01676
998 479 0.02505
999 301 0.02242

