250
249
1 72 0.06506
2 86 0.0598
3 67 0.09725
4 55 0.06425
5 102 0.03834
6 129 0.05363
7 157 0.00516
8 244 0.02711
9 23 0.03526
10 175 0.07429
11 152 0.0414
12 35 0.06079
13 100 0.0256
14 133 0.06649
15 211 0.04
16 6 0.04529
17 170 0.07756
18 86 0.02813
19 70 0.06872
20 116 0.02095
21 27 0.01873
22 56 0.01508
23 58 0.07072
24 209 0.02802
25 111 0.05309
26 5 0.03351
27 240 0.06581
28 198 0.00775
29 218 0.02524
30 212 0.03314
31 241 0.07871
32 187 0.04594
33 23 0.06032
34 22 0.03658
35 94 0.06254
36 41 0.05329
37 153 0.03846
38 215 0.0529
39 149 0.05382
40 220 0.0315
41 182 0.03878
42 181 0.06506
43 207 0.02708
44 49 0.02107
45 83 0.02906
46 169 0.06854
47 218 0.02914
48 232 0.02109
49 225 0.03314
50 59 0.04226
51 2 0.05083
52 187 0.03447
53 145 0.06902
54 140 0.02922
55 112 0.0459
56 120 0.05027
57 184 0.03368
58 68 0.04795
59 97 0.06442
60 25 0.03405
61 87 0.05163
62 233 0.03192
63 199 0.01821
64 137 0.03977
65 188 0.03552
66 39 0.0559
67 217 0.04501
68 176 0.04396
69 107 0.0564
70 179 0.06528
71 21 0.03782
72 203 0.0347
73 34 0.01812
74 215 0.04643
75 116 0.02706
76 37 0.02674
77 102 0.02737
78 4 0.02559
79 70 0.01576
80 225 0.05577
81 17 0.05763
82 11 0.03687
83 232 0.06812
84 174 0.0277
85 82 0.04344
86 141 0.0564
87 130 0.03684
88 36 0.01841
89 75 0.03394
90 173 0.06973
91 146 0.02723
92 235 0.0604
93 160 0.0436
94 141 0.0807
95 76 0.0737
96 199 0.01569
97 49 0.03121
98 236 0.04433
99 147 0.03171
100 19 0.06397
101 196 0.03115
102 226 0.07775
103 174 0.03708
104 248 0.0664
105 106 0.01034
106 193 0.02119
107 1 0.07484
108 42 0.06664
109 137 0.05083
110 214 0.0292
111 61 0.06739
112 159 0.04347
113 198 0.05009
114 58 0.01947
115 37 0.01398
116 164 0.0406
117 16 0.05134
118 197 0.06902
119 134 0.04953
120 53 0.02782
121 170 0.03464
122 139 0.01217
123 10 0.00886
124 118 0.063
125 7 0.02442
126 38 0.00845
127 89 0.10682
128 239 0.01726
129 166 0.03392
130 194 0.05825
131 143 0.05854
132 235 0.05508
133 13 0.06257
134 81 0.04508
135 42 0.05008
136 234 0.03185
137 91 0.01061
138 77 0.07171
139 101 0.03983
140 147 0.04712
141 135 0.06693
142 213 0.03433
143 8 0.07437
144 248 0.01527
145 119 0.05361
146 227 0.0456
147 16 0.07171
148 184 0.03398
149 24 0.02915
150 189 0.06046
151 208 0.00391
152 8 0.00702
153 3 0.04799
154 238 0.02365
155 124 0.01487
156 205 0.05088
157 148 0.01712
158 223 0.05291
159 136 0.0231
160 191 0.0541
161 186 0.06124
162 99 0.06455
163 222 0.05489
164 40 0.03395
165 180 0.01756
166 133 0.06778
167 224 0.07521
168 231 0.00268
169 186 0.05624
170 223 0.03653
171 213 0.06758
172 124 0.04713
173 69 0.05282
174 19 0.01925
175 246 0.03569
176 202 0.04299
177 189 0.03512
178 236 0.02867
179 30 0.0657
180 155 0.03246
181 157 0.05473
182 121 0.03939
183 215 0.03017
184 65 0.0479
185 50 0.05942
186 177 0.03537
187 168 0.0408
188 71 0.03894
189 72 0.03706
190 40 0.03649
191 176 0.02089
192 103 0.04287
193 131 0.01012
194 89 0.0511
195 9 0.04585
196 108 0.03132
197 57 0.02583
198 12 0.05807
199 60 0.04868
200 203 0.05651
201 104 0.02597
202 204 0.04207
203 249 0.04148
204 44 0.01774
205 122 0.00647
206 66 0.05154
207 210 0.03158
208 52 0.03135
209 211 0.01269
210 219 0.03728
211 163 0.01708
212 207 0.05667
213 155 0.01559
214 156 0.03435
215 109 0.06179
216 48 0.07531
217 83 0.03695
218 91 0.04088
219 156 0.00745
220 150 0.04158
221 207 0.02902
222 114 0.0206
223 113 0.04665
224 29 0.03477
225 0 0.02383
226 52 0.02384
227 134 0.03986
228 241 0.01473
229 17 0.06676
230 148 0.04043
231 93 0.03594
232 201 0.03557
233 21 0.04409
234 87 0.08302
235 171 0.03106
236 6 0.05556
237 63 0.04962
238 171 0.05664
239 78 0.02065
240 138 0.02076
241 153 0.04247
242 28 0.02503
243 103 0.05731
244 30 0.01475
245 154 0.04011
246 11 0.06678
247 190 0.0668
248 185 0.02896
249 158 0.05734

